# Waiting times 
531000
129000
405000
466000
394000
381000
504000
448000
71000
170000
241000
114000
51000
364000
205000
535000
415000
96000
106000
132000
193000
160000
495000
190000
102000
499000
391000
295000
366000
125000
177000
491000
447000
78000
74000
59000
382000
527000
73000
161000
276000
180000
428000
173000
487000
352000
159000
440000
56000
66000
207000
119000
235000
227000
315000
317000
138000
363000
474000
111000
368000
182000
57000
87000
502000
120000
298000
329000
109000
387000
538000
396000
258000
271000
421000
465000
195000
341000
523000
533000
457000
374000
426000
424000
107000
395000
131000
547000
401000
294000
433000
192000
412000
321000
544000
152000
346000
89000
427000
256000
542000
489000
68000
174000
355000
543000
80000
203000
463000
438000
430000
385000
376000
212000
157000
327000
248000
261000
158000
104000
354000
230000
209000
257000
397000
470000
388000
417000
247000
222000
493000
462000
208000
469000
191000
422000
144000
377000
278000
432000
178000
266000
310000
164000
331000
226000
277000
336000
480000
145000
297000
483000
486000
128000
403000
53000
291000
423000
141000
482000
425000
69000
312000
314000
434000
404000
536000
323000
320000
198000
283000
290000
389000
477000
130000
115000
281000
498000
406000
202000
525000
372000
343000
546000
380000
286000
471000
520000
414000
325000
172000
289000
516000
300000
513000
215000
101000
324000
122000
459000
206000
370000
121000
301000
156000
333000
60000
526000
239000
187000
82000
142000
181000
548000
279000
449000
497000
408000
86000
77000
147000
342000
514000
229000
263000
436000
509000
549000
218000
210000
540000
545000
348000
386000
362000
532000
167000
63000
451000
103000
149000
137000
306000
64000
550000
335000
541000
98000
445000
383000
450000
52000
91000
357000
246000
307000
72000
124000
369000
123000
530000
350000
93000
88000
461000
259000
437000
168000
134000
302000
390000
488000
54000
379000
467000
330000
240000
420000
537000
150000
232000
339000
79000
105000
200000
252000
464000
284000
219000
522000
75000
435000
135000
392000
318000
431000
398000
245000
413000
260000
410000
384000
365000
393000
485000
359000
224000
429000
237000
472000
309000
273000
267000
337000
512000
67000
92000
453000
282000
293000
360000
274000
127000
58000
373000
361000
367000
251000
479000
399000
351000
539000
490000
62000
183000
332000
242000
186000
165000
402000
117000
171000
234000
233000
441000
213000
328000
220000
196000
126000
338000
316000
458000
228000
481000
418000
496000
446000
155000
460000
238000
84000
524000
113000
468000
484000
70000
528000
442000
175000
143000
303000
304000
95000
280000
204000
140000
99000
81000
268000
292000
185000
188000
515000
411000
184000
85000
270000
340000
478000
353000
176000
65000
518000
112000
416000
136000
288000
299000
154000
166000
116000
94000
201000
287000
221000
162000
133000
243000
476000
358000
439000
139000
83000
55000
118000
285000
153000
146000
375000
452000
189000
473000
199000
62000
194000
454000
61000
305000
419000
508000
455000
501000
409000
231000
326000
313000
265000
345000
90000
444000
308000
511000
322000
492000
503000
507000
236000
296000
179000
249000
356000
216000
163000
217000
250000
197000
272000
169000
223000
100000
214000
506000
108000
378000
254000
275000
347000
400000
344000
334000
253000
349000
521000
534000
456000
510000
500000
407000
319000
529000
494000
97000
255000
110000
151000
371000
264000
475000
311000
76000
148000
225000
517000
269000
519000
505000
244000
211000
443000
